2607528
 3470953
 7559661
 10942172
 14849539
 19989238
 24929289
 25022230
 30166076
 34254047
 37698630
 40515424
 42182377
 43105831
 43574928
 43856771
 45298013
 46245190
 50835622
 59932336
 62173374
 62655034
 62657206
 69736918
 70854881
 72071591
 73175557
 74901029
 81905167
 84751407
 85831384
 85964675
 88697779
 91443407
 92912770
 94976993
 98854997
 102299976
 103269714
 104081456
 109713610
 112073152
 115973277
 116542170
 117542201
 118923987
 119993313
 122735274
 123641263
 124579408
 125957640
 127066095
 129684397
 135301475
 137802799
 140180073
 150515034
 151079849
 161512204
 164759579
 166559800
 170848117
 172051073
 176723279
 184918060
 190135170
 192195254
 193148781
 193466379
 193577124
 195785778
 196109850
 196962629
 197412846
 203264744
 205794260
 206292759
 214609400
 215217418
 219769114
 220776338
 224125649
 228021560
 228831778
 233870955
 242484783
 242900888
 243171782
 244187663
 246132211
 246238160
 247959701
 260300957
 263800118
 264150847
 264233722
 267817510
 270728803
 282326635
 282840460
 286692233
 288089842
 296811378
 304453759
 307022480
 310017468
 314931939
 317309828
 317378714
 322148739
 324426490
 327338997
 329635413
 330617232
 334999492
 337648844
 337927410
 342219012
 342283513
 342441681
 344643511
 350025702
 357149767
 362028064
 362172210
 368767071
 374379786
 375152220
 375204423
 378495184
 381005759
 382330906
 384167478
 388057014
 390786545
 391092899
 404122759
 408170533
 409204449
 412102745
 412206759
 415810428
 417919977
 418417956
 419578674
 426621243
 432352031
 435613505
 441881758
 443136599
 445608690
 445862757
 445869164
 455038456
 456716663
 459404417
 461690892
 463363582
 465481311
 467579691
 472403214
 478611283
 480000019
 480003167
 480840223
 485881348
 487203369
 487873077
 489853249
 490982974
 492729524
 495470327
 497128623
 500015982
 501360317
 508518102
 511726501
 515310841
 517437729
 524347551
 524393965
 525746619
 527334076
 530160380
 530182058
 532527246
 532979352
 538377111
 545202828
 546103399
 550103655
 550280830
 555954945
 556188663
 559259126
 563823928
 566339476
 567695485
 570225059
 576085184
 577965875
 578116684
 579988893
 581412906
 584794912
 588265866
 589582531
 593984862
 594099349
 599705349
 602500348
 603650421
 604728251
 606073418
 606401442
 606675403
 608013348
 612248865
 613810598
 614029827
 615726440
 619697291
 623450546
 623735898
 624082284
 627327296
 636948850
 639767076
 643583746
 645077380
 646011588
 646923685
 648794125
 650364850
 651991919
 655256131
 656018560
 658552374
 659756314
 661250334
 665622269
 667211636
 674465170
 679082392
 682471280
 684131755
 687901762
 695079495
 697836671
 699464889
 700191987
 701117245
 702233131
 702472857
 711375868
 715394018
 717590329
 718160518
 718906507
 725024696
 725924614
 726314132
 733617988
 734255285
 734596487
 734986083
 735515604
 741618169
 747206251
 747306093
 750175426
 752049388
 759505360
 760826090
 762166842
 762788733
 764061612
 764262357
 766612219
 768867926
 774123382
 778901407
 780535356
 780677529
 782754124
 783408427
 783511601
 783771011
 784216296
 786017609
 786193629
 786819890
 787566192
 789994173
 790930910
 791870055
 796006388
 803530588
 811836290
 812760134
 816106597
 820345459
 820568058
 821083846
 824012496
 830433752
 831451844
 834608841
 838729668
 843886314
 844638401
 845966779
 846150628
 851913770
 853011038
 856438316
 860477925
 864044047
 866191846
 874810759
 877036457
 877831066
 877935668
 879500019
 879656107
 880029116
 880821363
 881016183
 882240634
 883466971
 890835907
 892897815
 903140284
 904040216
 909688895
 916412398
 918302435
 919326185
 920608484
 923136618
 923996429
 926642179
 926658943
 929078211
 933500037
 935628866
 936882732
 937556886
 939642847
 941064342
 941543900
 947340006
 949639090
 949917901
 950324767
 951610595
 956457127
 957728736
 961663308
 961892368
 963275168
 964687308
 972808060
 973428303
 976873091
 978236670
 979917642
 987002650
 990162322
 996342935
 996442884
 1012473563
 1015884299
 1021756880
 1027210455
 1030813639
 1035505734
 1036867660
 1038520003
 1039243496
 1039734414
 1040053661
 1040628154
 1040806856
 1043054002
 1044075574
 1050094659
 1051754279
 1057243172
 1058606544
 1058945739
 1070558384
 1072259653
 1072886096
 1076511926
 1078653448
 1080166853
 1081885681
 1083478616
 1085784726
 1097281884
 1101162106
 1106107095
 1106528830
 1107419691
 1108126256
 1108150210
 1111686413
 1111703824
 1115474431
 1116014838
 1116780880
 1120782035
 1127473348
 1128414522
 1134585162
 1138389958
 1138398992
 1142410594
 1143114534
 1144521417
 1145202482
 1146457060
 1149782623
 1150387820
 1152666969
 1153402230
 1158918754
 1159854543
 1161312852
 1164460644
 1165890303
 1166238043
 1168026744
 1169008129
 1170202641
 1172829933
 1173289316
 1176171784
 1181194471
 1181973920
 1194280778
 1196744371
 1198181235
 1200851594
 1201804846
 1203385910
 1204431821
 1204492204
 1205778039
 1206640568
 1207353733
 1211241262
 1219422446
 1225323278
 1231788740
 1236058893
 1245858217
 1246117706
 1250544998
 1252412118
 1255450031
 1257054995
 1257881536
 1258170190
 1262295136
 1264117270
 1268013761
 1278497517
 1279073425
 1280056600
 1284758163
 1284849535
 1285703388
 1288609909
 1289350586
 1290165395
 1291821533
 1293855613
 1295426014
 1295569716
 1297985847
 1303158571
 1304114592
 1310254055
 1311576925
 1312259868
 1313351685
 1319324516
 1328841530
 1330429392
 1331505335
 1332600017
 1333311374
 1337163525
 1338481795
 1338779606
 1338942775
 1341942043
 1346197880
 1347661608
 1349545025
 1349850191
 1358934989
 1359278225
 1363708895
 1366702711
 1367797557
 1373716905
 1374022362
 1378569829
 1380355221
 1394121509
 1396180249
 1396959385
 1397126768
 1399820731
 1400285823
 1405226213
 1410932044
 1411372485
 1412626979
 1415563191
 1417336720
 1424089449
 1424267313
 1425866118
 1427789112
 1428979493
 1430388890
 1433511303
 1437831276
 1439557144
 1440680168
 1443752483
 1447942560
 1449125351
 1449625375
 1449765445
 1452388798
 1455030189
 1457012187
 1457820514
 1462517410
 1464534504
 1467765755
 1468469013
 1470920097
 1472512573
 1474005977
 1485704887
 1486344320
 1489561644
 1489913630
 1496904186
 1497202025
 1497623443
 1498462240
 1498690758
 1500876476
 1503844815
 1508762600
 1510254837
 1516478789
 1525667695
 1530680377
 1537142793
 1537237231
 1540527688
 1541807877
 1543450165
 1546498951
 1546770073
 1548890106
 1551130243
 1551208401
 1557549170
 1559111508
 1561332935
 1562072415
 1565787893
 1565987954
 1566307615
 1566942746
 1570294354
 1570965708
 1571125513
 1572265494
 1572428119
 1572561022
 1572901882
 1585131185
 1586250018
 1586647980
 1590015244
 1592047268
 1594995281
 1596750864
 1597317027
 1604851420
 1605868087
 1609335159
 1609510527
 1612190954
 1615948906
 1616160708
 1624046585
 1626932408
 1629000293
 1630860876
 1634005746
 1646077439
 1648989388
 1649344524
 1649884109
 1655230113
 1655790166
 1655798762
 1658930523
 1663618650
 1667405112
 1667506943
 1668696901
 1669560007
 1673659221
 1674799303
 1675748813
 1675833293
 1679957704
 1681126527
 1688667715
 1689712005
 1689943492
 1690849935
 1692245638
 1693812825
 1693938146
 1700885664
 1701389421
 1701560444
 1705999369
 1708622552
 1710135373
 1713821133
 1714338099
 1714803903
 1715877303
 1716728413
 1716867742
 1717274790
 1726149146
 1729821080
 1731278317
 1732248773
 1735136959
 1739155069
 1742876599
 1747374965
 1750804929
 1755862745
 1760419713
 1763111680
 1764301991
 1765085066
 1768655483
 1774424844
 1775338808
 1776152741
 1776266238
 1779197008
 1780463904
 1789670733
 1792758070
 1794046547
 1800245904
 1800303008
 1804621633
 1804959091
 1805643952
 1805986882
 1812368633
 1812643385
 1816047786
 1817530675
 1818560330
 1819518739
 1822049933
 1824166082
 1825292109
 1828627833
 1831211319
 1832023957
 1833147148
 1834466767
 1839688542
 1840227039
 1847797576
 1849231558
 1850070918
 1852407318
 1855875087
 1859515832
 1859588956
 1870861251
 1873635519
 1876316107
 1878997035
 1883545313
 1883851911
 1884386021
 1890806760
 1891104974
 1894472765
 1895045680
 1907833607
 1919615393
 1920113893
 1920612912
 1921150327
 1925516073
 1930085927
 1930798314
 1931110842
 1931620398
 1933034625
 1935005719
 1935995766
 1937795809
 1938459505
 1940598169
 1940701920
 1950475093
 1951729540
 1952416556
 1963868302
 1965552753
 1966230566
 1970456486
 1970569726
 1978974930
 1979378617
 1982440895
 1985966780
 1988342343
 1989931550
 1991319838
 1993397140
 1996170028
 1996517244
 1998339151
 2001024071
 2003871857
 2011628002
 2015877540
 2016910886
 2019518337
 2020489101
 2020958923
 2026040974
 2028267464
 2033778676
 2034665302
 2036127560
 2036802403
 2037994260
 2040453627
 2040767172
 2040826006
 2043135037
 2053059027
 2055070568
 2055566339
 2070437181
 2071528722
 2074935792
 2077731587
 2080842970
 2081079124
 2088402631
 2092054234
 2093410163
 2095267728
 2095401294
 2097104955
 2098300934
 2101657079
 2105418200
 2111186538
 2112176070
 2115473783
 2117140080
 2117576829
 2117615842
 2119675205
 2119714223
 2121379821
 2121441983
 2134977391
 2145385267
 2145856579
 